1716049298610 0.6570248007774353 0
1716049298838 0.8264462947845459 1
1716049299079 0.8636363744735718 2
1716049299289 0.8512396812438965 3
1716049299504 0.8719007968902588 4
1716049299639 0.8636363744735718 5
1716049299774 0.8801652789115906 6
1716049300008 0.9008264541625977 7
1716049300141 0.8884297609329224 8
1716049300291 0.9049586653709412 9
1716049300422 0.8925619721412659 10
1716049300551 0.9090909361839294 11
1716049300781 0.9049586653709412 12
1716049300912 0.9173553586006165 13
1716049301084 0.9256198406219482 14
