1716049298610 0.6611191034317017 0
1716049298838 0.5529998540878296 1
1716049299079 0.39625078439712524 2
1716049299289 0.3778988718986511 3
1716049299504 0.33120834827423096 4
1716049299639 0.32129764556884766 5
1716049299774 0.32039958238601685 6
1716049300008 0.29111963510513306 7
1716049300141 0.2718260884284973 8
1716049300291 0.2609063684940338 9
1716049300422 0.26523250341415405 10
1716049300551 0.252300500869751 11
1716049300781 0.22900983691215515 12
1716049300912 0.2321520298719406 13
1716049301084 0.20156607031822205 14
