1716049267092 0.7727272510528564 0
1716049267320 0.8471074104309082 1
1716049267513 0.8636363744735718 2
1716049267658 0.8512396812438965 3
1716049267812 0.8801652789115906 4
1716049267973 0.8760330677032471 5
1716049268202 0.8925619721412659 6
1716049268317 0.913223147392273 7
1716049268538 0.9090909361839294 8
1716049268693 0.913223147392273 9
1716049268851 0.9380165338516235 10
1716049269016 0.9297520518302917 11
1716049269141 0.9462810158729553 12
1716049269365 0.9297520518302917 13
1716049269532 0.93388432264328 14
