1716049267092 0.4779767692089081 0
1716049267320 0.3845692276954651 1
1716049267513 0.32076698541641235 2
1716049267658 0.3088333010673523 3
1716049267812 0.3226836919784546 4
1716049267973 0.31026411056518555 5
1716049268202 0.25740259885787964 6
1716049268317 0.2448442131280899 7
1716049268538 0.24439379572868347 8
1716049268693 0.20862138271331787 9
1716049268851 0.1880817413330078 10
1716049269016 0.18611620366573334 11
1716049269141 0.17697890102863312 12
1716049269365 0.1796770840883255 13
1716049269532 0.16209322214126587 14
